{
 "cells": [
  {
   "cell_type": "markdown",
   "id": "7c665ecc",
   "metadata": {},
   "source": [
    "### 1. 목표설정\n",
    "- 보스턴 집값 데이터를 이용해서 회귀분석을 진행해보자.\n",
    "- 특성 곱을 이용해서 새로운 특성을 만들어보자.\n",
    "- 규제 모델을 이용해서 모델의 복잡도를 제어해보자."
   ]
  },
  {
   "cell_type": "markdown",
   "id": "f4029132",
   "metadata": {},
   "source": [
    "### 2. 데이터 수집\n",
    "- csv 파일 불러오기(보스턴 주택 데이터)"
   ]
  },
  {
   "cell_type": "code",
   "execution_count": 1,
   "id": "5f09f182",
   "metadata": {},
   "outputs": [],
   "source": [
    "# 필요한 라이브러리 import\n",
    "import pandas as pd\n",
    "import numpy as np\n",
    "from matplotlib import pyplot as plt\n",
    "import seaborn as sns"
   ]
  },
  {
   "cell_type": "code",
   "execution_count": 2,
   "id": "81903e77",
   "metadata": {},
   "outputs": [],
   "source": [
    "# 데이터 불러오기\n",
    "boston = pd.read_csv('./data/boston_housing.csv')"
   ]
  },
  {
   "cell_type": "code",
   "execution_count": 3,
   "id": "28677a25",
   "metadata": {},
   "outputs": [
    {
     "data": {
      "text/html": [
       "<div>\n",
       "<style scoped>\n",
       "    .dataframe tbody tr th:only-of-type {\n",
       "        vertical-align: middle;\n",
       "    }\n",
       "\n",
       "    .dataframe tbody tr th {\n",
       "        vertical-align: top;\n",
       "    }\n",
       "\n",
       "    .dataframe thead th {\n",
       "        text-align: right;\n",
       "    }\n",
       "</style>\n",
       "<table border=\"1\" class=\"dataframe\">\n",
       "  <thead>\n",
       "    <tr style=\"text-align: right;\">\n",
       "      <th></th>\n",
       "      <th>Unnamed: 0</th>\n",
       "      <th>CRIM</th>\n",
       "      <th>ZN</th>\n",
       "      <th>INDUS</th>\n",
       "      <th>CHAS</th>\n",
       "      <th>NOX</th>\n",
       "      <th>RM</th>\n",
       "      <th>AGE</th>\n",
       "      <th>DIS</th>\n",
       "      <th>RAD</th>\n",
       "      <th>TAX</th>\n",
       "      <th>PTRATIO</th>\n",
       "      <th>B</th>\n",
       "      <th>LSTAT</th>\n",
       "      <th>MEDV</th>\n",
       "    </tr>\n",
       "  </thead>\n",
       "  <tbody>\n",
       "    <tr>\n",
       "      <th>0</th>\n",
       "      <td>0</td>\n",
       "      <td>0.00632</td>\n",
       "      <td>18.0</td>\n",
       "      <td>2.31</td>\n",
       "      <td>0.0</td>\n",
       "      <td>0.538</td>\n",
       "      <td>6.575</td>\n",
       "      <td>65.2</td>\n",
       "      <td>4.0900</td>\n",
       "      <td>1.0</td>\n",
       "      <td>296.0</td>\n",
       "      <td>15.3</td>\n",
       "      <td>396.90</td>\n",
       "      <td>4.98</td>\n",
       "      <td>24.0</td>\n",
       "    </tr>\n",
       "    <tr>\n",
       "      <th>1</th>\n",
       "      <td>1</td>\n",
       "      <td>0.02731</td>\n",
       "      <td>0.0</td>\n",
       "      <td>7.07</td>\n",
       "      <td>0.0</td>\n",
       "      <td>0.469</td>\n",
       "      <td>6.421</td>\n",
       "      <td>78.9</td>\n",
       "      <td>4.9671</td>\n",
       "      <td>2.0</td>\n",
       "      <td>242.0</td>\n",
       "      <td>17.8</td>\n",
       "      <td>396.90</td>\n",
       "      <td>9.14</td>\n",
       "      <td>21.6</td>\n",
       "    </tr>\n",
       "    <tr>\n",
       "      <th>2</th>\n",
       "      <td>2</td>\n",
       "      <td>0.02729</td>\n",
       "      <td>0.0</td>\n",
       "      <td>7.07</td>\n",
       "      <td>0.0</td>\n",
       "      <td>0.469</td>\n",
       "      <td>7.185</td>\n",
       "      <td>61.1</td>\n",
       "      <td>4.9671</td>\n",
       "      <td>2.0</td>\n",
       "      <td>242.0</td>\n",
       "      <td>17.8</td>\n",
       "      <td>392.83</td>\n",
       "      <td>4.03</td>\n",
       "      <td>34.7</td>\n",
       "    </tr>\n",
       "    <tr>\n",
       "      <th>3</th>\n",
       "      <td>3</td>\n",
       "      <td>0.03237</td>\n",
       "      <td>0.0</td>\n",
       "      <td>2.18</td>\n",
       "      <td>0.0</td>\n",
       "      <td>0.458</td>\n",
       "      <td>6.998</td>\n",
       "      <td>45.8</td>\n",
       "      <td>6.0622</td>\n",
       "      <td>3.0</td>\n",
       "      <td>222.0</td>\n",
       "      <td>18.7</td>\n",
       "      <td>394.63</td>\n",
       "      <td>2.94</td>\n",
       "      <td>33.4</td>\n",
       "    </tr>\n",
       "    <tr>\n",
       "      <th>4</th>\n",
       "      <td>4</td>\n",
       "      <td>0.06905</td>\n",
       "      <td>0.0</td>\n",
       "      <td>2.18</td>\n",
       "      <td>0.0</td>\n",
       "      <td>0.458</td>\n",
       "      <td>7.147</td>\n",
       "      <td>54.2</td>\n",
       "      <td>6.0622</td>\n",
       "      <td>3.0</td>\n",
       "      <td>222.0</td>\n",
       "      <td>18.7</td>\n",
       "      <td>396.90</td>\n",
       "      <td>5.33</td>\n",
       "      <td>36.2</td>\n",
       "    </tr>\n",
       "  </tbody>\n",
       "</table>\n",
       "</div>"
      ],
      "text/plain": [
       "   Unnamed: 0     CRIM    ZN  INDUS  CHAS    NOX     RM   AGE     DIS  RAD  \\\n",
       "0           0  0.00632  18.0   2.31   0.0  0.538  6.575  65.2  4.0900  1.0   \n",
       "1           1  0.02731   0.0   7.07   0.0  0.469  6.421  78.9  4.9671  2.0   \n",
       "2           2  0.02729   0.0   7.07   0.0  0.469  7.185  61.1  4.9671  2.0   \n",
       "3           3  0.03237   0.0   2.18   0.0  0.458  6.998  45.8  6.0622  3.0   \n",
       "4           4  0.06905   0.0   2.18   0.0  0.458  7.147  54.2  6.0622  3.0   \n",
       "\n",
       "     TAX  PTRATIO       B  LSTAT  MEDV  \n",
       "0  296.0     15.3  396.90   4.98  24.0  \n",
       "1  242.0     17.8  396.90   9.14  21.6  \n",
       "2  242.0     17.8  392.83   4.03  34.7  \n",
       "3  222.0     18.7  394.63   2.94  33.4  \n",
       "4  222.0     18.7  396.90   5.33  36.2  "
      ]
     },
     "execution_count": 3,
     "metadata": {},
     "output_type": "execute_result"
    }
   ],
   "source": [
    "boston.head()"
   ]
  },
  {
   "cell_type": "code",
   "execution_count": 4,
   "id": "25e7e4a8",
   "metadata": {},
   "outputs": [],
   "source": [
    "# 필요없는 Unnamed 컬럼 삭제\n",
    "boston.drop('Unnamed: 0' , axis = 1, inplace = True)"
   ]
  },
  {
   "cell_type": "code",
   "execution_count": 5,
   "id": "cf0e904b",
   "metadata": {},
   "outputs": [
    {
     "name": "stdout",
     "output_type": "stream",
     "text": [
      "<class 'pandas.core.frame.DataFrame'>\n",
      "RangeIndex: 506 entries, 0 to 505\n",
      "Data columns (total 14 columns):\n",
      " #   Column   Non-Null Count  Dtype  \n",
      "---  ------   --------------  -----  \n",
      " 0   CRIM     506 non-null    float64\n",
      " 1   ZN       506 non-null    float64\n",
      " 2   INDUS    506 non-null    float64\n",
      " 3   CHAS     506 non-null    float64\n",
      " 4   NOX      506 non-null    float64\n",
      " 5   RM       506 non-null    float64\n",
      " 6   AGE      506 non-null    float64\n",
      " 7   DIS      506 non-null    float64\n",
      " 8   RAD      506 non-null    float64\n",
      " 9   TAX      506 non-null    float64\n",
      " 10  PTRATIO  506 non-null    float64\n",
      " 11  B        506 non-null    float64\n",
      " 12  LSTAT    506 non-null    float64\n",
      " 13  MEDV     506 non-null    float64\n",
      "dtypes: float64(14)\n",
      "memory usage: 55.5 KB\n"
     ]
    }
   ],
   "source": [
    "boston.info()"
   ]
  },
  {
   "cell_type": "markdown",
   "id": "465602d8",
   "metadata": {},
   "source": [
    "**결측치 없음!**"
   ]
  },
  {
   "cell_type": "markdown",
   "id": "c2ef1a8e",
   "metadata": {},
   "source": [
    "**특성정보 확인**\n",
    "- CRIM : 범죄율\n",
    "- INDUS : 도매상업지역에서의 면적\n",
    "- NOX : 대기 중 일산화질소의 농도\n",
    "- RM : 주택 당 방의 갯수\n",
    "- LSTAT : 인구 중 하위 계층의 비율\n",
    "- B : 인구 중 흑인 비율\n",
    "- PITRATIO : 학생 / 교사 비율\n",
    "- ZN : 25,000평방 피트를 초과한 거주지역의 비율\n",
    "- CHAS : 찰스 강의 경계에 위치한 경우는 1, 아닌 경우는 0\n",
    "- AGE : 1940년 이전에 지어진 주택의 비율\n",
    "- DIS : 직업 센터의 거리\n",
    "- TAX : 재산세율\n",
    "\n",
    "**종속변수 확인**\n",
    "- MEDV : 집값, 주택가격"
   ]
  },
  {
   "cell_type": "markdown",
   "id": "055c4b1e",
   "metadata": {},
   "source": [
    "### 3. 데이터 전처리\n",
    "- 결측치 없었다!\n",
    "- 보스턴 주택 데이터는 학습용으로 제공된 데이터라 전처리가 필요없다(데이터가 깔끔함)"
   ]
  },
  {
   "cell_type": "markdown",
   "id": "985600af",
   "metadata": {},
   "source": [
    "### 4. 탐색적 데이터 분석\n",
    "- 생략"
   ]
  },
  {
   "cell_type": "markdown",
   "id": "8817cc28",
   "metadata": {},
   "source": [
    "### 5. 모델링\n",
    "- 데이터 분리(X_train, X_test, y_train, y_test)\n",
    "- 모델 선정 및 학습/평가/예측"
   ]
  },
  {
   "cell_type": "code",
   "execution_count": 6,
   "id": "198132d4",
   "metadata": {},
   "outputs": [
    {
     "data": {
      "text/plain": [
       "((349, 13), (157, 13), (349,), (157,))"
      ]
     },
     "execution_count": 6,
     "metadata": {},
     "output_type": "execute_result"
    }
   ],
   "source": [
    "# 데이터의 분리\n",
    "# step1 : 데이터를 분리하기 위한 모듈 불러오기\n",
    "from sklearn.model_selection import train_test_split\n",
    "X = boston.drop('MEDV', axis = 1)\n",
    "y = boston['MEDV']\n",
    "# step2 : 데이터 분리하기\n",
    "X_train, X_test, y_train, y_test = train_test_split(X, y,\n",
    "                                                   test_size = 0.31,\n",
    "                                                   random_state=8)\n",
    "# step3 : 데이터 분할 확인하기\n",
    "X_train.shape, X_test.shape, y_train.shape, y_test.shape"
   ]
  },
  {
   "cell_type": "code",
   "execution_count": 7,
   "id": "eaecd36b",
   "metadata": {},
   "outputs": [
    {
     "data": {
      "text/html": [
       "<div>\n",
       "<style scoped>\n",
       "    .dataframe tbody tr th:only-of-type {\n",
       "        vertical-align: middle;\n",
       "    }\n",
       "\n",
       "    .dataframe tbody tr th {\n",
       "        vertical-align: top;\n",
       "    }\n",
       "\n",
       "    .dataframe thead th {\n",
       "        text-align: right;\n",
       "    }\n",
       "</style>\n",
       "<table border=\"1\" class=\"dataframe\">\n",
       "  <thead>\n",
       "    <tr style=\"text-align: right;\">\n",
       "      <th></th>\n",
       "      <th>CRIM</th>\n",
       "      <th>ZN</th>\n",
       "      <th>INDUS</th>\n",
       "      <th>CHAS</th>\n",
       "      <th>NOX</th>\n",
       "      <th>RM</th>\n",
       "      <th>AGE</th>\n",
       "      <th>DIS</th>\n",
       "      <th>RAD</th>\n",
       "      <th>TAX</th>\n",
       "      <th>PTRATIO</th>\n",
       "      <th>B</th>\n",
       "      <th>LSTAT</th>\n",
       "    </tr>\n",
       "  </thead>\n",
       "  <tbody>\n",
       "    <tr>\n",
       "      <th>CRIM</th>\n",
       "      <td>1.000000</td>\n",
       "      <td>-0.184817</td>\n",
       "      <td>0.378316</td>\n",
       "      <td>-0.061804</td>\n",
       "      <td>0.403027</td>\n",
       "      <td>-0.174240</td>\n",
       "      <td>0.341431</td>\n",
       "      <td>-0.363133</td>\n",
       "      <td>0.594872</td>\n",
       "      <td>0.545241</td>\n",
       "      <td>0.269811</td>\n",
       "      <td>-0.347409</td>\n",
       "      <td>0.422540</td>\n",
       "    </tr>\n",
       "    <tr>\n",
       "      <th>ZN</th>\n",
       "      <td>-0.184817</td>\n",
       "      <td>1.000000</td>\n",
       "      <td>-0.524860</td>\n",
       "      <td>-0.030235</td>\n",
       "      <td>-0.514637</td>\n",
       "      <td>0.354517</td>\n",
       "      <td>-0.561653</td>\n",
       "      <td>0.639337</td>\n",
       "      <td>-0.305356</td>\n",
       "      <td>-0.316457</td>\n",
       "      <td>-0.382791</td>\n",
       "      <td>0.182498</td>\n",
       "      <td>-0.435246</td>\n",
       "    </tr>\n",
       "    <tr>\n",
       "      <th>INDUS</th>\n",
       "      <td>0.378316</td>\n",
       "      <td>-0.524860</td>\n",
       "      <td>1.000000</td>\n",
       "      <td>0.037579</td>\n",
       "      <td>0.770848</td>\n",
       "      <td>-0.396145</td>\n",
       "      <td>0.643074</td>\n",
       "      <td>-0.711269</td>\n",
       "      <td>0.582916</td>\n",
       "      <td>0.727380</td>\n",
       "      <td>0.384198</td>\n",
       "      <td>-0.360666</td>\n",
       "      <td>0.616574</td>\n",
       "    </tr>\n",
       "    <tr>\n",
       "      <th>CHAS</th>\n",
       "      <td>-0.061804</td>\n",
       "      <td>-0.030235</td>\n",
       "      <td>0.037579</td>\n",
       "      <td>1.000000</td>\n",
       "      <td>0.089458</td>\n",
       "      <td>0.052451</td>\n",
       "      <td>0.072935</td>\n",
       "      <td>-0.091399</td>\n",
       "      <td>-0.020382</td>\n",
       "      <td>-0.061107</td>\n",
       "      <td>-0.174097</td>\n",
       "      <td>0.047781</td>\n",
       "      <td>-0.052901</td>\n",
       "    </tr>\n",
       "    <tr>\n",
       "      <th>NOX</th>\n",
       "      <td>0.403027</td>\n",
       "      <td>-0.514637</td>\n",
       "      <td>0.770848</td>\n",
       "      <td>0.089458</td>\n",
       "      <td>1.000000</td>\n",
       "      <td>-0.332745</td>\n",
       "      <td>0.711182</td>\n",
       "      <td>-0.763106</td>\n",
       "      <td>0.624177</td>\n",
       "      <td>0.680614</td>\n",
       "      <td>0.217253</td>\n",
       "      <td>-0.377686</td>\n",
       "      <td>0.624415</td>\n",
       "    </tr>\n",
       "    <tr>\n",
       "      <th>RM</th>\n",
       "      <td>-0.174240</td>\n",
       "      <td>0.354517</td>\n",
       "      <td>-0.396145</td>\n",
       "      <td>0.052451</td>\n",
       "      <td>-0.332745</td>\n",
       "      <td>1.000000</td>\n",
       "      <td>-0.256279</td>\n",
       "      <td>0.219211</td>\n",
       "      <td>-0.187175</td>\n",
       "      <td>-0.278136</td>\n",
       "      <td>-0.344753</td>\n",
       "      <td>0.111318</td>\n",
       "      <td>-0.593509</td>\n",
       "    </tr>\n",
       "    <tr>\n",
       "      <th>AGE</th>\n",
       "      <td>0.341431</td>\n",
       "      <td>-0.561653</td>\n",
       "      <td>0.643074</td>\n",
       "      <td>0.072935</td>\n",
       "      <td>0.711182</td>\n",
       "      <td>-0.256279</td>\n",
       "      <td>1.000000</td>\n",
       "      <td>-0.715271</td>\n",
       "      <td>0.457093</td>\n",
       "      <td>0.507352</td>\n",
       "      <td>0.276290</td>\n",
       "      <td>-0.269051</td>\n",
       "      <td>0.607571</td>\n",
       "    </tr>\n",
       "    <tr>\n",
       "      <th>DIS</th>\n",
       "      <td>-0.363133</td>\n",
       "      <td>0.639337</td>\n",
       "      <td>-0.711269</td>\n",
       "      <td>-0.091399</td>\n",
       "      <td>-0.763106</td>\n",
       "      <td>0.219211</td>\n",
       "      <td>-0.715271</td>\n",
       "      <td>1.000000</td>\n",
       "      <td>-0.491662</td>\n",
       "      <td>-0.541043</td>\n",
       "      <td>-0.240381</td>\n",
       "      <td>0.296180</td>\n",
       "      <td>-0.500062</td>\n",
       "    </tr>\n",
       "    <tr>\n",
       "      <th>RAD</th>\n",
       "      <td>0.594872</td>\n",
       "      <td>-0.305356</td>\n",
       "      <td>0.582916</td>\n",
       "      <td>-0.020382</td>\n",
       "      <td>0.624177</td>\n",
       "      <td>-0.187175</td>\n",
       "      <td>0.457093</td>\n",
       "      <td>-0.491662</td>\n",
       "      <td>1.000000</td>\n",
       "      <td>0.894437</td>\n",
       "      <td>0.456515</td>\n",
       "      <td>-0.461684</td>\n",
       "      <td>0.475693</td>\n",
       "    </tr>\n",
       "    <tr>\n",
       "      <th>TAX</th>\n",
       "      <td>0.545241</td>\n",
       "      <td>-0.316457</td>\n",
       "      <td>0.727380</td>\n",
       "      <td>-0.061107</td>\n",
       "      <td>0.680614</td>\n",
       "      <td>-0.278136</td>\n",
       "      <td>0.507352</td>\n",
       "      <td>-0.541043</td>\n",
       "      <td>0.894437</td>\n",
       "      <td>1.000000</td>\n",
       "      <td>0.461836</td>\n",
       "      <td>-0.452291</td>\n",
       "      <td>0.541115</td>\n",
       "    </tr>\n",
       "    <tr>\n",
       "      <th>PTRATIO</th>\n",
       "      <td>0.269811</td>\n",
       "      <td>-0.382791</td>\n",
       "      <td>0.384198</td>\n",
       "      <td>-0.174097</td>\n",
       "      <td>0.217253</td>\n",
       "      <td>-0.344753</td>\n",
       "      <td>0.276290</td>\n",
       "      <td>-0.240381</td>\n",
       "      <td>0.456515</td>\n",
       "      <td>0.461836</td>\n",
       "      <td>1.000000</td>\n",
       "      <td>-0.190627</td>\n",
       "      <td>0.353558</td>\n",
       "    </tr>\n",
       "    <tr>\n",
       "      <th>B</th>\n",
       "      <td>-0.347409</td>\n",
       "      <td>0.182498</td>\n",
       "      <td>-0.360666</td>\n",
       "      <td>0.047781</td>\n",
       "      <td>-0.377686</td>\n",
       "      <td>0.111318</td>\n",
       "      <td>-0.269051</td>\n",
       "      <td>0.296180</td>\n",
       "      <td>-0.461684</td>\n",
       "      <td>-0.452291</td>\n",
       "      <td>-0.190627</td>\n",
       "      <td>1.000000</td>\n",
       "      <td>-0.363635</td>\n",
       "    </tr>\n",
       "    <tr>\n",
       "      <th>LSTAT</th>\n",
       "      <td>0.422540</td>\n",
       "      <td>-0.435246</td>\n",
       "      <td>0.616574</td>\n",
       "      <td>-0.052901</td>\n",
       "      <td>0.624415</td>\n",
       "      <td>-0.593509</td>\n",
       "      <td>0.607571</td>\n",
       "      <td>-0.500062</td>\n",
       "      <td>0.475693</td>\n",
       "      <td>0.541115</td>\n",
       "      <td>0.353558</td>\n",
       "      <td>-0.363635</td>\n",
       "      <td>1.000000</td>\n",
       "    </tr>\n",
       "  </tbody>\n",
       "</table>\n",
       "</div>"
      ],
      "text/plain": [
       "             CRIM        ZN     INDUS      CHAS       NOX        RM       AGE  \\\n",
       "CRIM     1.000000 -0.184817  0.378316 -0.061804  0.403027 -0.174240  0.341431   \n",
       "ZN      -0.184817  1.000000 -0.524860 -0.030235 -0.514637  0.354517 -0.561653   \n",
       "INDUS    0.378316 -0.524860  1.000000  0.037579  0.770848 -0.396145  0.643074   \n",
       "CHAS    -0.061804 -0.030235  0.037579  1.000000  0.089458  0.052451  0.072935   \n",
       "NOX      0.403027 -0.514637  0.770848  0.089458  1.000000 -0.332745  0.711182   \n",
       "RM      -0.174240  0.354517 -0.396145  0.052451 -0.332745  1.000000 -0.256279   \n",
       "AGE      0.341431 -0.561653  0.643074  0.072935  0.711182 -0.256279  1.000000   \n",
       "DIS     -0.363133  0.639337 -0.711269 -0.091399 -0.763106  0.219211 -0.715271   \n",
       "RAD      0.594872 -0.305356  0.582916 -0.020382  0.624177 -0.187175  0.457093   \n",
       "TAX      0.545241 -0.316457  0.727380 -0.061107  0.680614 -0.278136  0.507352   \n",
       "PTRATIO  0.269811 -0.382791  0.384198 -0.174097  0.217253 -0.344753  0.276290   \n",
       "B       -0.347409  0.182498 -0.360666  0.047781 -0.377686  0.111318 -0.269051   \n",
       "LSTAT    0.422540 -0.435246  0.616574 -0.052901  0.624415 -0.593509  0.607571   \n",
       "\n",
       "              DIS       RAD       TAX   PTRATIO         B     LSTAT  \n",
       "CRIM    -0.363133  0.594872  0.545241  0.269811 -0.347409  0.422540  \n",
       "ZN       0.639337 -0.305356 -0.316457 -0.382791  0.182498 -0.435246  \n",
       "INDUS   -0.711269  0.582916  0.727380  0.384198 -0.360666  0.616574  \n",
       "CHAS    -0.091399 -0.020382 -0.061107 -0.174097  0.047781 -0.052901  \n",
       "NOX     -0.763106  0.624177  0.680614  0.217253 -0.377686  0.624415  \n",
       "RM       0.219211 -0.187175 -0.278136 -0.344753  0.111318 -0.593509  \n",
       "AGE     -0.715271  0.457093  0.507352  0.276290 -0.269051  0.607571  \n",
       "DIS      1.000000 -0.491662 -0.541043 -0.240381  0.296180 -0.500062  \n",
       "RAD     -0.491662  1.000000  0.894437  0.456515 -0.461684  0.475693  \n",
       "TAX     -0.541043  0.894437  1.000000  0.461836 -0.452291  0.541115  \n",
       "PTRATIO -0.240381  0.456515  0.461836  1.000000 -0.190627  0.353558  \n",
       "B        0.296180 -0.461684 -0.452291 -0.190627  1.000000 -0.363635  \n",
       "LSTAT   -0.500062  0.475693  0.541115  0.353558 -0.363635  1.000000  "
      ]
     },
     "execution_count": 7,
     "metadata": {},
     "output_type": "execute_result"
    }
   ],
   "source": [
    "# 분할된 데이터를 가지고 상관계수를 확인하기\n",
    "X_train.corr()"
   ]
  },
  {
   "cell_type": "code",
   "execution_count": 8,
   "id": "d506bdf4",
   "metadata": {},
   "outputs": [
    {
     "data": {
      "text/plain": [
       "<Axes: >"
      ]
     },
     "execution_count": 8,
     "metadata": {},
     "output_type": "execute_result"
    },
    {
     "data": {
